[gd_scene load_steps=4 format=3 uid="uid://c4ktdaw50xfjp"]

[sub_resource type="ProceduralSkyMaterial" id="ProceduralSkyMaterial_vho56"]
sky_horizon_color = Color(0.662243, 0.671743, 0.686743, 1)
ground_horizon_color = Color(0.662243, 0.671743, 0.686743, 1)

[sub_resource type="Sky" id="Sky_pq8q7"]
sky_material = SubResource("ProceduralSkyMaterial_vho56")

[sub_resource type="Environment" id="Environment_pyidc"]
background_mode = 2
sky = SubResource("Sky_pq8q7")
tonemap_mode = 2

[node name="Root" type="Node3D"]

[node name="World" type="Node3D" parent="."]

[node name="Camera3D" type="Camera3D" parent="World"]
transform = Transform3D(-4.37114e-08, 0.170209, -0.985408, 0, 0.985408, 0.170209, 1, 7.44009e-09, -4.30735e-08, -0.439771, 1.88249, 0.00197294)
fov = 90.6256

[node name="DirectionalLight3D" type="DirectionalLight3D" parent="World"]
transform = Transform3D(-0.866023, -0.433016, 0.250001, 0, 0.499998, 0.866027, -0.500003, 0.749999, -0.43301, 0, 0, 0)
shadow_enabled = true

[node name="WorldEnvironment" type="WorldEnvironment" parent="World"]
environment = SubResource("Environment_pyidc")

[node name="GameBoard" type="CSGCombiner3D" parent="."]
transform = Transform3D(1, 0, 0, 0, 1, 0, 0, 0, 1, 0.00165999, 0.00823057, -0.0344595)
operation = 2

[node name="MainGame" type="CSGBox3D" parent="GameBoard"]
transform = Transform3D(0.995801, 0.152253, 0, -0.143497, 1.05656, 0, 0, 0, 1.00609, 0.529782, 1.71499, 0.0241716)
use_collision = true
size = Vector3(0.245667, 1.58056, 1.36732)

[node name="Hole1" type="CSGCylinder3D" parent="GameBoard"]
transform = Transform3D(-0.142629, 0.989776, 0, -0.98977, -0.142628, -0.00349065, -0.00345496, -0.000497868, 0.999994, 0.602228, 2.22256, -0.064284)
operation = 2
use_collision = true
radius = 0.0776367
height = 0.668335
sides = 24

[node name="Hole2" type="CSGCylinder3D" parent="GameBoard"]
transform = Transform3D(-0.142629, 0.989776, 0, -0.98977, -0.142628, -0.00349065, -0.00345496, -0.000497868, 0.999994, 0.5647, 2.30222, 0.341926)
operation = 2
radius = 0.0776367
height = 0.668335
sides = 24

[node name="Hole3" type="CSGCylinder3D" parent="GameBoard"]
transform = Transform3D(-0.142629, 0.989776, 0, -0.989776, -0.142629, 0, 0, 0, 1, 0.538042, 2.06391, 0.206761)
operation = 2
radius = 0.0776367
height = 0.668335
sides = 24

[node name="Hole4" type="CSGCylinder3D" parent="GameBoard"]
transform = Transform3D(-0.142629, 0.989776, 0, -0.98977, -0.142628, -0.00349065, -0.00345496, -0.000497868, 0.999994, 0.52913, 1.96181, -0.237839)
operation = 2
radius = 0.0776367
height = 0.668335
sides = 24

[node name="Hole5" type="CSGCylinder3D" parent="GameBoard"]
transform = Transform3D(-0.142629, 0.989776, 0, -0.98977, -0.142628, -0.00349065, -0.00345496, -0.000497868, 0.999994, 0.436924, 1.61757, 0.352642)
operation = 2
radius = 0.0776367
height = 0.668335
sides = 24

[node name="Hole6" type="CSGCylinder3D" parent="GameBoard"]
transform = Transform3D(-0.142629, 0.989776, 0, -0.98977, -0.142628, -0.00349065, -0.00345496, -0.000497868, 0.999994, 0.497764, 1.74856, 0.0986901)
operation = 2
radius = 0.0776367
height = 0.668335
sides = 24

[node name="Hole7" type="CSGCylinder3D" parent="GameBoard"]
transform = Transform3D(-0.142629, 0.989776, 0, -0.98977, -0.142628, -0.00349065, -0.00345496, -0.000497868, 0.999994, 0.499442, 1.85308, 0.374637)
operation = 2
radius = 0.0776367
height = 0.668335
sides = 24

[node name="Hole8" type="CSGCylinder3D" parent="GameBoard"]
transform = Transform3D(-0.142629, 0.989776, 0, -0.98977, -0.142628, -0.00349065, -0.00345496, -0.000497868, 0.999994, 0.479862, 1.59381, -0.133414)
operation = 2
radius = 0.0776367
height = 0.668335
sides = 24

[node name="Hole9" type="CSGCylinder3D" parent="GameBoard"]
transform = Transform3D(-0.142629, 0.989776, 0, -0.98977, -0.142628, -0.00349065, -0.00345496, -0.000497868, 0.999994, 0.516847, 1.75818, -0.374138)
operation = 2
radius = 0.0776367
height = 0.668335
sides = 24

[node name="Ball" type="Node3D" parent="."]

[node name="CSGSphere3D" type="CSGSphere3D" parent="Ball"]
transform = Transform3D(0.1, 0, 0, 0, 0.1, 0, 0, 0, 0.1, 0.280968, 1.32203, 0.265549)

[node name="Bar" type="Node3D" parent="."]

[node name="CSGCylinder3D" type="CSGCylinder3D" parent="Bar"]
transform = Transform3D(1.42033, 0.0549247, -0.0553536, -0.0539953, -0.0357927, -1.421, -0.0562605, 1.42096, -0.0336539, 0.212357, 1.13797, 0.0438645)
radius = 0.034
height = 1.348
